0 339 Mongolia_district_attribute POLY_ID
1 321         1.23651464
1 8         1.20947914
1 153        0.804752871
1 141         1.09845892
1 138         1.15676274
1 80        0.748778619
1 184        0.745676984
1 135        0.547371917
1 35        0.677469896
1 235        0.810786833
2 219         1.20062492
2 257         1.15666139
2 11         1.14588348
2 129        0.979628132
2 234         1.14216617
2 171         1.00042486
2 76        0.679893714
2 124         0.55849151
2 253        0.943530971
2 239        0.735190717
3 251         1.32770336
3 303         1.13587607
3 231         1.00931391
3 12        0.763129455
3 276         1.08261577
3 115         0.81189337
3 81        0.926769184
3 280        0.722190172
3 196        0.600594012
3 272        0.974555428
4 105         1.13762628
4 261         1.13105409
4 156         0.92082558
4 168         1.06262974
4 173        0.963728317
4 101        0.338921003
4 97        0.602349907
4 250        0.982572307
4 290        0.254638604
4 325        0.439122655
5 261         2.37805417
5 248         2.12055738
5 109         1.08934016
5 147         1.89640576
5 70         2.07650187
5 120         1.02878385
5 83         1.68046176
5 271          1.6100509
5 296         1.64889996
5 327         1.98128571
6 205         1.37626779
6 110         1.29226828
6 10          1.1706866
6 84        0.893242643
6 289         1.15619763
6 233        0.478304076
6 210        0.854338043
6 92        0.420650523
6 274        0.768909548
6 140          1.0718711
7 190         1.76185621
7 83         1.61161965
7 127         1.75063394
7 275         1.12584776
7 194         1.57529032
7 104        0.982593789
7 90         1.40389914
7 197         1.05095891
7 284        0.806102624
7 334         1.49938276
8 245        0.884478419
8 51        0.837399226
8 339        0.843586354
8 45        0.767025476
8 255        0.791400945
8 65        0.654697295
8 13        0.430170663
8 46        0.652745294
8 35        0.545435654
8 299        0.693157104
9 130         1.01094571
9 326        0.994698532
9 336        0.825616869
9 313        0.838976464
9 317        0.925579444
9 181         0.52583803
9 225        0.815994783
9 260        0.540294567
9 247        0.505201296
9 249        0.916511326
10 217         1.11446435
10 73        0.880685447
10 205        0.756366293
10 274        0.582972194
10 148        0.850569808
10 60        0.424054717
10 84        0.518268251
10 210         0.55103363
10 316        0.704157903
10 92        0.833025824
11 129         1.44755996
11 146         1.42293103
11 234         1.01326338
11 76         1.31083171
11 239         1.38333113
11 136        0.905888438
11 171        0.711029702
11 2         1.14588348
11 222         0.78946927
11 157         1.13032106
12 158         1.31406512
12 280         1.28300676
12 96        0.886281018
12 272         1.03053065
12 286         1.18058829
12 196        0.799561547
12 81        0.479566755
12 69        0.786143009
12 3        0.763129455
12 251        0.874421468
13 51        0.764533239
13 174        0.746492638
13 77        0.631506786
13 255          0.5921809
13 285        0.744737664
13 65        0.487835164
13 46        0.231556447
13 8        0.430170663
13 45        0.366808845
13 299        0.663459607
14 25         1.01666599
14 328        0.979583529
14 293        0.883862203
14 53        0.719733767
14 305        0.898498586
14 335        0.260918627
14 213        0.649662953
14 320        0.604777926
14 262        0.161738943
14 295        0.817295647
15 68         0.93571303
15 245        0.930518278
15 61         0.84102442
15 19        0.528927211
15 145        0.869882893
15 55        0.581327821
15 49         0.38658315
15 20        0.511857765
15 30        0.414395963
15 200        0.628043075
16 48         1.64126291
16 292         1.59188344
16 223         1.12393824
16 151         1.52455258
16 85          1.5879941
16 21        0.825188884
16 298        0.927474247
16 259        0.862391754
16 126        0.696726505
16 201         1.10944665
17 338         1.38118692
17 105         1.26673306
17 254         1.01816216
17 267         1.11942788
17 266         1.13454886
17 64        0.451118173
17 204        0.703734268
17 107         0.97270088
17 62        0.503276631
17 278        0.620721262
18 318         1.43884569
18 66         1.34214705
18 159         1.29241297
18 91        0.860403953
18 330          1.3060461
18 38        0.985391033
18 72         0.62864645
18 182        0.842637931
18 44        0.717148401
18 54         1.10343825
19 20         1.00433139
19 30        0.937608625
19 55        0.746534351
19 137        0.828007628
19 200        0.923789018
19 112         0.56767537
19 15        0.528927211
19 192        0.743274918
19 49        0.150490302
19 145        0.777897297
20 49        0.853875447
20 299        0.828463188
20 43        0.657422194
20 68        0.647809117
20 51        0.804755446
20 339        0.598734608
20 30        0.352356188
20 245        0.428193929
20 200        0.439783252
20 15        0.511857765
21 48         1.40104884
21 85         1.35708978
21 223         1.28962967
21 16        0.825188884
21 279         1.26153372
21 193         1.14248115
21 292        0.912813661
21 298         0.48166213
21 259        0.564155342
21 310         1.24268586
22 293         1.28003915
22 66         1.25819781
22 57         1.07049373
22 74         1.03086462
22 182         1.22408787
22 295        0.855624886
22 161        0.890070382
22 75        0.669708571
22 203        0.626456327
22 214        0.906709612
23 236        0.884396482
23 99        0.829782981
23 32        0.759430804
23 224        0.713548683
23 243        0.784106728
23 227         0.52977747
23 240        0.515327296
23 175        0.511810733
23 302        0.442487072
23 322        0.750975215
24 62         1.40366764
24 268         1.38368545
24 242         1.25395534
24 337        0.918488038
24 254         1.27040195
24 324         1.05502244
24 267        0.753145764
24 221        0.654213173
24 102        0.946167923
24 338        0.727144136
25 335        0.972951571
25 295        0.955829419
25 320        0.872507874
25 152        0.942272105
25 149        0.841378765
25 273        0.652535152
25 293        0.363389485
25 88        0.882858066
25 111        0.459137906
25 314        0.659469526
26 88         1.02782604
26 314        0.805002673
26 172         0.96640404
26 111        0.719962257
26 209        0.749242903
26 154        0.668422025
26 215        0.668029827
26 149        0.568672311
26 273        0.482536474
26 294        0.691794923
27 195         1.36767849
27 193         1.16808002
27 279         1.05201359
27 67        0.909442825
27 123         1.13157289
27 71          1.0165667
27 207        0.856380983
27 31        0.578096021
27 36        0.679886527
27 308        0.965849731
28 137         1.78046807
28 123          1.7156492
28 195         1.59739275
28 192         1.29537201
28 180         1.39196341
28 308         1.40357493
28 31           1.434702
28 216        0.550388365
28 71        0.867637319
28 112         1.35330676
29 339        0.714241644
29 299        0.617473662
29 45        0.655434288
29 51        0.502400292
29 68        0.544665591
29 77        0.609448555
29 116        0.384409932
29 258        0.344090437
29 255         0.40355847
29 186        0.430968069
30 19        0.937608625
30 49        0.799683513
30 61        0.721190386
30 245        0.740333736
30 98        0.768930137
30 55        0.671041202
30 43        0.637331119
30 20        0.352356188
30 15        0.414395963
30 200        0.734529413
31 279          1.5266713
31 195          1.5261826
31 67         1.32961894
31 207        0.872266359
31 28           1.434702
31 71        0.569052688
31 27        0.578096021
31 123        0.676077148
31 308         1.08536368
31 36         1.13697159
32 329         0.99210073
32 227        0.931627441
32 23        0.759430804
32 243        0.658099353
32 79        0.674412699
32 87        0.662067182
32 226        0.493226852
32 175        0.277354289
32 302        0.416564569
32 82        0.671475028
33 80         1.01919572
33 229        0.983479217
33 155        0.831711685
33 78        0.671953237
33 238        0.941564308
33 328        0.529780598
33 213        0.825863616
33 241        0.607946503
33 138        0.434042688
33 153        0.857350688
34 91         2.42519121
34 165         2.33541355
34 18         2.14465613
34 120         1.91341678
34 70         2.28109725
34 252        0.825088622
34 54         1.88491577
34 147        0.962088145
34 44         1.50903029
34 113         1.72844035
35 220         1.13044763
35 299         1.12910496
35 80        0.857678285
35 65         1.00231649
35 245         1.10397334
35 1        0.677469896
35 135        0.691840843
35 13        0.962576103
35 8        0.545435654
35 141         1.03335646
36 39         1.39362967
36 94          1.3008832
36 292         1.25016818
36 31         1.13697159
36 67         1.27369658
36 279        0.389804561
36 193         0.68088779
36 27        0.679886527
36 207        0.751476166
36 310        0.945000076
37 321         2.35249064
37 319         2.26085731
37 125         1.80320986
37 206         1.13849443
37 212         2.06034742
37 300         1.23279945
37 304         1.64899391
37 121        0.962146732
37 189         1.53947607
37 122         1.78918719
38 88         1.29578377
38 75         1.15364844
38 203         1.26566251
38 72        0.735520444
38 18        0.985391033
38 182        0.749969856
38 159        0.622492426
38 214        0.710997926
38 66        0.389970777
38 152        0.807065747
39 27         1.63357007
39 279         1.53328474
39 31         1.55027908
39 94        0.869914071
39 244         1.52987349
39 36         1.39362967
39 207        0.777246115
39 50        0.818577096
39 123          1.1301197
39 310          1.2619755
40 296         1.46080265
40 127          1.3775895
40 156         1.32920312
40 143         1.31718976
40 271         1.25458177
40 248        0.615712782
40 173        0.833075689
40 333         1.10680711
40 128        0.927311458
40 312        0.768016407
41 150          1.1447965
41 215         1.09035273
41 323        0.880545116
41 169        0.761824737
41 106        0.969513154
41 230        0.832803774
41 237        0.615399017
41 263        0.577415766
41 294        0.549707261
41 154        0.957643086
42 101         1.41051729
42 113         1.37640979
42 330         1.08445083
42 134        0.863872976
42 103         1.25234966
42 250        0.883272486
42 91         1.00734773
42 163        0.677765757
42 318        0.450017488
42 228        0.573950066
43 200         1.06846264
43 135         1.05888842
43 160        0.809024735
43 245        0.663007473
43 15         1.03754198
43 98        0.779993479
43 141         0.65525725
43 20        0.657422194
43 30        0.637331119
43 339        0.960667489
44 134         1.69921323
44 182         1.40599227
44 252         1.54031757
44 54         1.25347933
44 318         1.40046731
44 18        0.717148401
44 34         1.50903029
44 113        0.936674202
44 91         0.97442538
44 72         1.24648554
45 51        0.690077132
45 256        0.688581771
45 116        0.681197929
45 29        0.655434288
45 299        0.658030355
45 46        0.286858629
45 77        0.273302319
45 13        0.366808845
45 255        0.441943212
45 174        0.563739471
46 108        0.774847506
46 256        0.729009742
46 77        0.489598565
46 8        0.652745294
46 255        0.670781744
46 65        0.460601945
46 13        0.231556447
46 285        0.583890907
46 45        0.286858629
46 174        0.515977566
47 270         2.17761478
47 206         1.87424866
47 304         1.47329358
47 125         1.25632571
47 74         1.75799278
47 208        0.949709407
47 246          1.0994089
47 86         1.12116509
47 319        0.798371584
47 187         1.74997289
48 16         1.64126291
48 193         1.49067816
48 136         1.04944648
48 21         1.40104884
48 201         1.39152923
48 283         0.94160816
48 298        0.922219144
48 292        0.936386514
48 223        0.743878505
48 222         1.34966088
49 137        0.898060193
49 20        0.853875447
49 112        0.707382249
49 30        0.799683513
49 192        0.851058003
49 55        0.701247685
49 15         0.38658315
49 19        0.150490302
49 145        0.727083226
49 200        0.789716293
50 123         1.92291501
50 85         1.83203901
50 166          1.5531903
50 310         1.49767239
50 167         1.70385984
50 131        0.880816309
50 244        0.970898174
50 39        0.818577096
50 94        0.912036774
50 207          1.5568418
51 45        0.690077132
51 200        0.584162826
51 255        0.256275965
51 68        0.298968721
51 245        0.524937859
51 339        0.229855546
51 258        0.201412474
51 116        0.124572297
51 29        0.502400292
51 299        0.148210606
52 45        0.768369315
52 225        0.733750168
52 236        0.566485973
52 174        0.570244954
52 224        0.691287624
52 249        0.366826709
52 313        0.408793709
52 256        0.347405872
52 130        0.534914786
52 77        0.499800554
53 33         1.12996158
53 161         1.07318433
53 328        0.905348537
53 238        0.788000924
53 335        0.866678177
53 262        0.732117547
53 213        0.717232067
53 241        0.546150265
53 14        0.719733767
53 270        0.541929126
54 214         1.60993963
54 38         1.50467913
54 22         1.55965938
54 44         1.25347933
54 252         1.29689282
54 75        0.918744885
54 165         1.51742602
54 182        0.772957373
54 57        0.948899901
54 18         1.10343825
55 20        0.974796782
55 112        0.926949588
55 19        0.746534351
55 49        0.701247685
55 98        0.864012757
55 30        0.671041202
55 61        0.389090602
55 137        0.624018978
55 15        0.581327821
55 257         0.63010769
56 43         1.31483024
56 2         1.28755784
56 164        0.971942864
56 257         0.94065347
56 61        0.942618405
56 98        0.628442059
56 160        0.628886275
56 124        0.932072349
56 253        0.539886401
56 219        0.564128667
57 161         1.75339732
57 214         1.65242177
57 246          1.5763319
57 74         1.40357633
57 203         1.64375776
57 22         1.07049373
57 75        0.814386142
57 165         1.06082927
57 54        0.948899901
57 182         1.25411227
58 124         1.19377455
58 157         1.11147405
58 257         1.15682238
58 137        0.861772759
58 308         1.08148713
58 129        0.447349985
58 171        0.886146156
58 180        0.626451757
58 76         0.73689961
58 195        0.644379326
59 78         1.01972606
59 285        0.945597484
59 108          0.9537699
59 79        0.673609474
59 229        0.771392073
59 220        0.658477561
59 329        0.444334861
59 155         0.57809226
59 132        0.413354594
59 183         0.65080538
60 199          1.0330175
60 73        0.985600399
60 84        0.941756741
60 274        0.750013427
60 210        0.973223507
60 315        0.890773256
60 316        0.522678033
60 10        0.424054717
60 217        0.719106498
60 148        0.512789927
61 49         1.06118959
61 56        0.942618405
61 124        0.979986522
61 30        0.721190386
61 137        0.895902972
61 98        0.526029627
61 257          0.4161613
61 253        0.681467439
61 55        0.389090602
61 15         0.84102442
62 107          1.4431254
62 105         1.25046684
62 24         1.40366764
62 278          0.8393948
62 338         1.04318183
62 204         1.14088478
62 17        0.503276631
62 267        0.691056843
62 64        0.405411194
62 254        0.883636673
63 118         1.85980727
63 94         1.79441723
63 131         1.77191665
63 166         1.13941701
63 259          1.6436663
63 191         1.30839823
63 167        0.412858799
63 85         0.87867964
63 244         1.04618588
63 117        0.998228866
64 156         1.29530564
64 325         1.24259789
64 254        0.579962693
64 204        0.845325975
64 338        0.941024466
64 17        0.451118173
64 267        0.740037097
64 62        0.405411194
64 278        0.448187026
64 105        0.887439038
65 77        0.935436036
65 174        0.770452995
65 13        0.487835164
65 108        0.677329172
65 45        0.745707565
65 46        0.460601945
65 285        0.405919925
65 8        0.654697295
65 183        0.441563833
65 220        0.694052624
66 293         1.24830947
66 72          1.1203107
66 203        0.905160733
66 159        0.807123313
66 88         1.06551503
66 182        0.879615066
66 214        0.367618438
66 152        0.480134564
66 38        0.389970777
66 75         1.06523536
67 171         1.34106222
67 31         1.32961894
67 36         1.27369658
67 283         1.11586363
67 193         1.27749634
67 157        0.648809164
67 58         1.26972683
67 27        0.909442825
67 195         0.74766473
67 308         0.64060984
68 20        0.647809117
68 245        0.545538024
68 29        0.544665591
68 51        0.298968721
68 255        0.511920786
68 339        0.312784666
68 200        0.309444917
68 258        0.232619698
68 116        0.271144538
68 299        0.426502044
69 170         1.56891027
69 100         1.47556169
69 231         1.42120473
69 81         1.18307008
69 251         1.45658177
69 12        0.786143009
69 107         1.25473089
69 96        0.680503636
69 286        0.654411666
69 3         1.40030965
70 97         1.47690296
70 42         1.44427085
70 250         1.20655494
70 261          1.1076141
70 318         1.37399821
70 296         1.17200809
70 113        0.873150157
70 134        0.580844717
70 327        0.979624168
70 120         1.34255671
71 180         1.58432943
71 207         1.43137991
71 67         1.45377828
71 195         1.35055539
71 27          1.0165667
71 216         1.12753443
71 123        0.999516855
71 31        0.569052688
71 308        0.962982295
71 28        0.867637319
72 318         1.28422649
72 44         1.24648554
72 176        0.954699046
72 159        0.737029792
72 66          1.1203107
72 91        0.770196364
72 18         0.62864645
72 38        0.735520444
72 330        0.773493497
72 182          1.1018156
73 264         1.24244011
73 217         1.22059826
73 60        0.985600399
73 281        0.911194344
73 210         1.08600448
73 10        0.880685447
73 232        0.788236562
73 316        0.610911198
73 205        0.706650484
73 84         1.04320411
74 53         1.59676828
74 75         1.56779791
74 57         1.40357633
74 270         1.10884944
74 203         1.48827363
74 86         1.22285661
74 22         1.03086462
74 161        0.713178046
74 246        0.801412533
74 295         1.29880196
75 295         1.43571486
75 152         1.42745547
75 54        0.918744885
75 203        0.998174997
75 38         1.15364844
75 214        0.855079293
75 22        0.669708571
75 182        0.611380752
75 57        0.814386142
75 66         1.06523536
76 180         1.24353317
76 61           1.211405
76 171        0.766886101
76 253        0.904350221
76 137          1.1204485
76 129        0.301729143
76 124        0.507015782
76 257        0.797542859
76 2        0.679893714
76 58         0.73689961
77 116        0.783279968
77 249        0.762470414
77 256        0.492236651
77 29        0.609448555
77 13        0.631506786
77 46        0.489598565
77 174        0.470620975
77 52        0.499800554
77 45        0.273302319
77 255        0.577834219
78 305        0.877749922
78 162        0.834991111
78 138        0.819139288
78 213        0.735235452
78 306        0.801189217
78 155        0.641394953
78 33        0.671953237
78 229        0.348952333
78 328        0.478642106
78 132        0.764768534
79 82        0.965212006
79 162         0.91252068
79 175         0.72009945
79 32        0.674412699
79 87        0.743504411
79 59        0.673609474
79 132        0.594210815
79 226        0.509143599
79 329         0.62118897
79 309        0.607853292
80 8         1.13595335
80 65          1.0600446
80 155        0.813889756
80 35        0.857678285
80 33         1.01919572
80 1        0.748778619
80 153         0.84847659
80 138        0.590749034
80 220        0.601751397
80 183        0.922026108
81 280         1.15863939
81 170         1.08426588
81 96         1.00377392
81 3        0.926769184
81 178        0.930009908
81 251        0.427377433
81 158        0.841642911
81 272        0.659335517
81 196        0.601078035
81 12        0.479566755
82 269        0.974188898
82 79        0.965212006
82 198        0.963080702
82 175        0.948824904
82 243        0.957044784
82 87        0.277920311
82 226        0.457231497
82 323        0.588613913
82 32        0.671475028
82 309        0.895387933
83 296         2.03693315
83 127         1.84778028
83 5         1.68046176
83 109         1.56438522
83 248         1.68980015
83 271        0.930790199
83 275        0.774704357
83 128         1.28912655
83 104         1.42419399
83 7         1.61161965
84 289          1.0690128
84 73         1.04320411
84 60        0.941756741
84 233        0.901724961
84 6        0.893242643
84 274         0.71715373
84 205        0.510875515
84 210       0.0440463735
84 10        0.518268251
84 92        0.475871652
85 191         1.77368638
85 166         1.72036781
85 16          1.5879941
85 21         1.35708978
85 94         1.23951109
85 244        0.974595311
85 63         0.87867964
85 259        0.829066812
85 167        0.544705231
85 310         1.18484924
86 161         1.52162135
86 139         1.50840126
86 304         1.29080391
86 74         1.22285661
86 238         1.49145389
86 125         1.14276101
86 270         1.11619824
86 246         1.15309407
86 187        0.720561417
86 47         1.12116509
87 302         1.05252554
87 237        0.967038752
87 198        0.782271897
87 175        0.921756126
87 323        0.796591743
87 226        0.252219602
87 309        0.619762939
87 32        0.662067182
87 82        0.277920311
87 79        0.743504411
88 66         1.06551503
88 26         1.02782604
88 152        0.625577167
88 273        0.968008004
88 119         1.02079841
88 111        0.555672024
88 172        0.430348226
88 25        0.882858066
88 149        0.459251282
88 218        0.975393878
89 148         1.44553436
89 284         1.28767556
89 93         1.18096321
89 190         1.15042581
89 90         1.10409611
89 144        0.577057684
89 140        0.947796607
89 194        0.614567137
89 179         1.09405803
89 315          1.0903124
90 104         2.11248534
90 140          1.9584979
90 334         2.05310795
90 194         1.25697434
90 190         1.82225258
90 7         1.40389914
90 197         1.60457258
90 89         1.10409611
90 284        0.610419212
90 144         1.61841277
91 134         1.29807626
91 176         1.24465762
91 44         0.97442538
91 113         1.06787603
91 163         1.12406521
91 318        0.581905748
91 72        0.770196364
91 18        0.860403953
91 330        0.794296285
91 42         1.00734773
92 60         1.20368096
92 289        0.985402888
92 140         1.17508757
92 274        0.635013651
92 205        0.956677219
92 84        0.475871652
92 233        0.519767643
92 6        0.420650523
92 210        0.435563547
92 10        0.833025824
93 114         1.07822603
93 211          1.0342123
93 194         0.92403408
93 144        0.611892846
93 142         1.00995363
93 190        0.647221261
93 148        0.895853354
93 179        0.285493881
93 199        0.628474551
93 315        0.624865028
94 259         1.57034181
94 36          1.3008832
94 167         1.39274348
94 50        0.912036774
94 85         1.23951109
94 310        0.588123958
94 244        0.902628949
94 39        0.869914071
94 207         1.15952224
94 279         1.19791648
95 230         1.77408597
95 269         1.71215663
95 276         1.59121934
95 3         1.69720289
95 280         1.45140254
95 115        0.891331525
95 263         1.32547634
95 303         1.08616225
95 150        0.737808417
95 169         1.39097777
96 286         1.33421946
96 178         1.30125079
96 277         1.06632371
96 251         1.07138972
96 266         1.26249692
96 12        0.886281018
96 69        0.680503636
96 81         1.00377392
96 107        0.898843566
96 170        0.924676752
97 134         1.25290698
97 228         1.17064734
97 173         0.79887109
97 261        0.563541948
97 325         1.03355604
97 4        0.602349907
97 290        0.647952696
97 101        0.333027189
97 250        0.547987472
97 327         0.96020419
98 20         1.07412496
98 141         1.06877538
98 30        0.768930137
98 257        0.801166053
98 55        0.864012757
98 253        0.731698028
98 160        0.539332418
98 61        0.526029627
98 56        0.628442059
98 43        0.779993479
99 247         1.01963122
99 260          1.0140715
99 23        0.829782981
99 225        0.865157913
99 130        0.912529035
99 336        0.710260654
99 282        0.271091153
99 240        0.645659103
99 322        0.380533011
99 236        0.863300678
100 196         2.32183984
100 81         2.27807905
100 115         2.17605208
100 3          1.7821498
100 96         2.15458408
100 231        0.863589013
100 69         1.47556169
100 303          1.6394365
100 286        0.833291432
100 12         1.80460272
101 156         1.23123017
101 168         1.07189563
101 4        0.338921003
101 261        0.896493367
101 228         1.03618739
101 290        0.316147049
101 250        0.644706062
101 97        0.333027189
101 173        0.974986668
101 325        0.774028397
102 185         1.15974682
102 143         1.15215035
102 338         1.14754512
102 221         0.63209899
102 242         1.06963727
102 332         1.03114346
102 24        0.946167923
102 291        0.606412628
102 324        0.564085149
102 337        0.990401809
103 265         1.22680768
103 176         1.14908404
103 330         1.17739488
103 168         1.12477557
103 301         0.74398332
103 178        0.939863772
103 163        0.684650705
103 170        0.727197221
103 228         1.02535349
103 277        0.722840627
104 284         1.52733608
104 190         1.43248556
104 128         1.05154893
104 7        0.982593789
104 83         1.42419399
104 334        0.872032891
104 127        0.778301508
104 275        0.650811629
104 197        0.753857866
104 114         1.42127577
105 4         1.13762628
105 267         1.06536357
105 278        0.711809455
105 338        0.850595928
105 333         1.05176041
105 254        0.409046481
105 156        0.425033366
105 325        0.735556712
105 242        0.720559686
105 64        0.887439038
106 280         1.01056945
106 218        0.980721018
106 272        0.994614983
106 169         0.68824973
106 294        0.907438755
106 41        0.969513154
106 230        0.278064164
106 177        0.493335242
106 276        0.635560722
106 154        0.624921927
107 170         1.40047687
107 64         1.39616585
107 69         1.25473089
107 277         1.07274253
107 278         1.31706874
107 204        0.919945811
107 17         0.97270088
107 266        0.687921911
107 96        0.898843566
107 168         1.29143341
108 59          0.9537699
108 256        0.721920329
108 46        0.774847506
108 329        0.598981827
108 224         0.62391623
108 183        0.657387934
108 65        0.677329172
108 174        0.537490795
108 285        0.271553555
108 227        0.450433419
109 173         1.61406148
109 83         1.56438522
109 261           1.376258
109 70         1.51660524
109 120         1.33937346
109 248         1.09150752
109 271        0.895820576
109 327        0.994248877
109 296          0.6129439
109 5         1.08934016
110 73         2.32748108
110 10         1.99480056
110 274         1.90700362
110 84         1.48349896
110 6         1.29226828
110 205         1.62127803
110 210         1.44659485
110 233         0.82101258
110 289        0.487034165
110 92         1.27416734
111 209         1.06838695
111 152        0.917425047
111 172         0.81949072
111 293        0.789758998
111 314        0.712288482
111 88        0.555672024
111 25        0.459137906
111 26        0.719962257
111 149        0.382870291
111 273        0.451340474
112 145         1.26464736
112 58         1.24834346
112 15         1.02866132
112 180        0.695978289
112 216        0.822944873
112 55        0.926949588
112 19         0.56767537
112 137        0.558918345
112 49        0.707382249
112 192        0.789447126
113 120         1.70644427
113 250         1.66635109
113 42         1.37640979
113 91         1.06787603
113 147         1.57944297
113 44        0.936674202
113 134        0.863037455
113 70        0.873150157
113 318         1.04686984
113 18         1.48160894
114 179         1.36295662
114 199         1.34917634
114 143         1.13398724
114 93         1.07822603
114 332         1.17574869
114 142        0.627474736
114 197         1.11738543
114 334         0.63750579
114 190        0.803278143
114 127         1.00493321
115 230         1.38161755
115 169         1.14893952
115 231         1.31286524
115 150         1.03715596
115 196         1.10472521
115 280        0.689762686
115 3         0.81189337
115 95        0.891331525
115 303        0.791586391
115 276        0.982735689
116 45        0.681197929
116 245        0.628577369
116 339         0.33123305
116 29        0.384409932
116 200        0.579235953
116 255          0.2419272
116 68        0.271144538
116 258       0.0861326371
116 51        0.124572297
116 299        0.264828915
117 94         2.31730609
117 50          2.1082824
117 131         1.46395428
117 244         1.41480427
117 191         1.84716875
117 166        0.591980199
117 63        0.998228866
117 167         1.25921596
117 118        0.907565591
117 85         1.80287487
118 94         2.73226622
118 191         2.72558555
118 85         2.56262815
118 244         1.89242125
118 50         2.21290829
118 117        0.907565591
118 166        0.869523765
118 131         1.35392749
118 63         1.85980727
118 167         2.02902899
119 177         1.28030596
119 158         1.26379844
119 330         1.18581441
119 218        0.768897794
119 301        0.835527607
119 172        0.791834241
119 88         1.02079841
119 159        0.758602833
119 176         0.71795783
119 265        0.778516412
120 261         2.08590135
120 134         1.91456726
120 70         1.34255671
120 113         1.70644427
120 34         1.91341678
120 5         1.02878385
120 109         1.33937346
120 296         1.57753906
120 147        0.975649369
120 327         1.73766059
121 139         1.81601873
121 300         1.64999679
121 304         1.24984138
121 206         1.61414049
121 321         1.39189424
121 122        0.952582212
121 125         1.46335355
121 212          1.3076714
121 37        0.962146732
121 189         1.26232355
122 86         1.65107155
122 238         1.58405188
122 212         1.64409033
122 121        0.952582212
122 184         1.41723949
122 321        0.860746315
122 125         1.03001419
122 304        0.849158442
122 139        0.900969982
122 187         1.16280768
123 94         1.84116621
123 279         1.78094391
123 36         1.43041601
123 27         1.13157289
123 308         1.75342232
123 71        0.999516855
123 31        0.676077148
123 207        0.789855262
123 39          1.1301197
123 28          1.7156492
124 239         1.18834078
124 98         1.16732219
124 129        0.749125306
124 56        0.932072349
124 219          1.0986049
124 2         0.55849151
124 257        0.601985571
124 253        0.448865893
124 76        0.507015782
124 61        0.979986522
125 37         1.80320986
125 139         1.56452605
125 121         1.46335355
125 319         1.20530257
125 206         1.30229217
125 122         1.03001419
125 304        0.217536449
125 187         1.18683175
125 86         1.14276101
125 47         1.25632571
126 85         2.22348302
126 292         2.07358574
126 48         1.80110547
126 151         1.43469483
126 259         1.55416044
126 21         1.47115387
126 298         1.40436071
126 223         1.08881499
126 201        0.667466428
126 16        0.696726505
127 190         1.45252806
127 40          1.3775895
127 334        0.826633464
127 197         1.12415382
127 275          1.1579731
127 104        0.778301508
127 312        0.812466723
127 114         1.00493321
127 128        0.812645452
127 143          1.0393017
128 334         1.57757575
128 143         1.47516889
128 248        0.963418619
128 275        0.895150203
128 83         1.28912655
128 312        0.921958655
128 40        0.927311458
128 127        0.812645452
128 271        0.880281186
128 104         1.05154893
129 195         1.08233189
129 253           1.073107
129 257        0.828548371
129 137        0.900546235
129 2        0.979628132
129 171        0.798271736
129 58        0.447349985
129 124        0.749125306
129 76        0.301729143
129 180         0.94733116
130 247        0.638550061
130 240        0.618024506
130 249        0.563874372
130 181        0.488346048
130 322        0.557379055
130 225        0.247205931
130 236        0.282452279
130 336        0.487869946
130 313        0.390711841
130 52        0.534914786
131 85         2.00415603
131 63         1.77191665
131 167         1.63940179
131 244         1.04142207
131 39         1.69744219
131 166        0.872816302
131 94         1.59345077
131 50        0.880816309
131 118         1.35392749
131 117         1.46395428
132 306        0.998390472
132 220        0.982784702
132 78        0.764768534
132 162        0.680266882
132 309        0.723376636
132 155        0.632638892
132 329         0.75921571
132 79        0.594210815
132 59        0.413354594
132 229        0.440004623
133 211         1.56193637
133 324         1.51237963
133 281         1.18177548
133 232         1.36042926
133 337         1.41167113
133 264         1.02517809
133 288         0.54970131
133 202        0.908655859
133 185        0.939325731
133 268         1.01209222
134 91         1.29807626
134 97         1.25290698
134 327         1.19289411
134 113        0.863037455
134 228         1.21702728
134 42        0.863872976
134 318        0.851078194
134 250        0.810633503
134 70        0.580844717
134 261         1.11527061
135 160         1.24359266
135 80         1.22572509
135 43         1.05888842
135 164         1.14501917
135 8         1.19568227
135 184        0.823168468
135 141        0.551462652
135 35        0.691840843
135 1        0.547371917
135 235        0.504386142
136 193         1.62089601
136 146         1.59740824
136 48         1.04944648
136 292         1.32426176
136 67         1.40501806
136 11        0.905888438
136 171         1.18667748
136 283        0.640093778
136 222        0.786426239
136 157        0.900454482
137 15         1.03643952
137 129        0.900546235
137 61        0.895902972
137 49        0.898060193
137 257        0.827423143
137 112        0.558918345
137 19        0.828007628
137 55        0.624018978
137 58        0.861772759
137 180        0.585490574
138 1         1.15676274
138 241         1.02476057
138 328        0.900740068
138 155        0.600332708
138 229         1.01791211
138 78        0.819139288
138 80        0.590749034
138 33        0.434042688
138 153        0.741777926
138 220        0.855422822
139 304         1.48006924
139 53         1.47898035
139 241         1.22682043
139 153        0.961965936
139 33         1.43276359
139 321        0.837823593
139 122        0.900969982
139 238        0.714311214
139 187         0.79216282
139 184         1.21766348
140 10         1.18408033
140 92         1.17508757
140 60         1.15523694
140 179         1.04445369
140 148        0.886681083
140 89        0.947796607
140 6          1.0718711
140 144         0.90570722
140 274        0.662069558
140 315        0.761186038
141 184         1.20309172
141 245         1.19453923
141 98         1.06877538
141 35         1.03335646
141 1         1.09845892
141 43         0.65525725
141 160        0.703345717
141 235        0.695052982
141 135        0.551462652
141 164        0.783407124
142 143         1.32002655
142 179         1.24360037
142 199        0.952227607
142 334         1.23403038
142 202         1.21011005
142 211        0.831757679
142 332        0.658481476
142 114        0.627474736
142 93         1.00995363
142 190         1.12769127
143 142         1.32002655
143 40         1.31718976
143 114         1.13398724
143 102         1.15215035
143 332          1.2923322
143 333        0.824447092
143 127          1.0393017
143 291        0.551667679
143 312         0.60894447
143 242         1.20972629
144 197         1.36710509
144 199         1.13835594
144 93        0.611892846
144 148        0.999248263
144 315        0.615819244
144 194        0.574897643
144 89        0.577057684
144 190        0.790756831
144 140         0.90570722
144 179        0.525762894
145 186         0.92822473
145 116        0.909792927
145 258        0.828715468
145 49        0.727083226
145 29        0.891581913
145 19        0.777897297
145 68        0.709148895
145 200        0.599878759
145 192        0.838711163
145 15        0.869882893
146 171         2.13335735
146 239          2.0005793
146 311         1.45972717
146 11         1.42293103
146 48         1.85470707
146 234         1.25989264
146 331        0.811093512
146 222        0.823037795
146 287        0.918108565
146 136         1.59740824
147 296         2.42601522
147 109          2.2956898
147 5         1.89640576
147 44         1.89261263
147 134         2.18661086
147 252         1.78466676
147 70           1.741738
147 120        0.975649369
147 34        0.962088145
147 113         1.57944297
148 316        0.954074393
148 93        0.895853354
148 140        0.886681083
148 199        0.716279457
148 10        0.850569808
148 217        0.779295015
148 60        0.512789927
148 315        0.383677975
148 179        0.638966362
148 274        0.827428712
149 152         1.03520692
149 314        0.963110534
149 26        0.568672311
